279     1.000
241     0.875
12      0.875
73      0.875
5       0.875
198     0.875
58      0.875
18      0.875
82      0.857
290     0.750
234     0.750
252     0.750
102     0.750
156     0.750
77      0.750
217     0.750
175     0.750
240     0.750
144     0.750
157     0.750
64      0.750
51      0.750
254     0.750
189     0.750
179     0.750
224     0.625
53      0.625
36      0.625
265     0.625
297     0.625
90      0.625
247     0.625
262     0.625
173     0.625
268     0.625
298     0.625
25      0.625
125     0.571
233     0.571
171     0.571
105     0.571
203     0.571
134     0.500
269     0.500
188     0.500
108     0.500
212     0.500
151     0.500
124     0.500
227     0.500
182     0.500
98      0.500
20      0.500
132     0.500
40      0.500
70      0.500
183     0.500
243     0.500
50      0.500
11      0.500
37      0.500
192     0.500
219     0.500
81      0.500
259     0.500
145     0.500
14      0.429
163     0.375
46      0.375
29      0.375
49      0.375
194     0.375
172     0.375
67      0.375
100     0.375
7       0.375
187     0.375
35      0.375
292     0.375
138     0.375
207     0.375
30      0.375
228     0.375
211     0.286
208     0.286
74      0.286
160     0.250
120     0.250
86      0.250
223     0.250
129     0.250
135     0.250
196     0.250
32      0.250
148     0.250
48      0.250
8       0.250
250     0.250
245     0.250
114     0.250
300     0.250
222     0.250
213     0.250
44      0.250
95      0.250
184     0.250
174     0.250
232     0.250
84      0.250
162     0.250
271     0.143
230     0.125
136     0.125
66      0.125
76      0.125
235     0.125
99      0.125
62      0.125
201     0.125
19      0.125
118     0.125
34      0.125
27      0.125
286     0.125
60      0.125
161     0.125
1       0.125
94      0.125
24      0.125
147     0.125
109     0.125
152     0.000
202     0.000
248     0.000
96      0.000
299     0.000
229     0.000
237     0.000
165     0.000
220     0.000
137     0.000
126     0.000
16      0.000
166     0.000
154     0.000
204     0.000
78      0.000
31      0.000
210     0.000
9       0.000
41      0.000
61      0.000
155     0.000
140     0.000
38      0.000
244     0.000
10      0.000
106     0.000
200     0.000
75      0.000
266     -0.125
195     -0.125
193     -0.125
142     -0.125
72      -0.125
258     -0.125
226     -0.125
22      -0.125
69      -0.125
199     -0.125
83      -0.125
288     -0.125
242     -0.125
169     -0.125
63      -0.125
295     -0.125
170     -0.125
191     -0.125
253     -0.125
87      -0.125
4       -0.125
57      -0.125
185     -0.125
2       -0.125
107     -0.125
216     -0.125
55      -0.125
150     -0.125
54      -0.125
221     -0.125
283     -0.125
273     -0.125
158     -0.143
282     -0.250
139     -0.250
56      -0.250
190     -0.250
92      -0.250
93      -0.250
239     -0.250
28      -0.250
97      -0.250
15      -0.250
116     -0.250
168     -0.250
238     -0.250
143     -0.250
91      -0.250
214     -0.250
246     -0.250
261     -0.250
280     -0.250
256     -0.250
206     -0.286
197     -0.375
272     -0.375
218     -0.375
112     -0.375
251     -0.375
278     -0.375
23      -0.375
260     -0.375
215     -0.375
47      -0.375
289     -0.375
209     -0.375
103     -0.375
80      -0.375
257     -0.375
285     -0.375
287     -0.375
115     -0.375
17      -0.375
3       -0.375
117     -0.375
153     -0.375
89      -0.429
264     -0.429
178     -0.429
43      -0.429
277     -0.429
13      -0.500
26      -0.500
123     -0.500
42      -0.500
296     -0.500
33      -0.500
267     -0.500
130     -0.500
164     -0.500
225     -0.500
141     -0.500
284     -0.500
274     -0.500
276     -0.500
255     -0.500
146     -0.500
119     -0.500
21      -0.500
249     -0.500
176     -0.500
45      -0.500
79      -0.571
127     -0.625
59      -0.625
101     -0.625
263     -0.625
39      -0.625
133     -0.625
68      -0.625
128     -0.625
149     -0.625
110     -0.625
275     -0.625
205     -0.625
291     -0.625
88      -0.714
6       -0.714
113     -0.714
52      -0.750
167     -0.750
181     -0.750
293     -0.750
111     -0.750
180     -0.750
159     -0.750
231     -0.750
177     -0.750
85      -0.750
104     -0.750
65      -0.750
186     -0.750
270     -0.857
294     -0.875
236     -0.875
131     -0.875
281     -1.000
121     -1.000
71      -1.000
122     -1.000
